0 0 0 0 0 0
-0.134222 -4.83261 0.573311 -2.34262e-06 -8.43449e-05 1.00062e-05
0 0 0 0 0 0
-0.25377 -4.75509 -0.182746 -4.42912e-06 -8.2992e-05 -3.18952e-06
-0.0319894 -5.29417 -0.163272 -5.58321e-07 -9.24007e-05 -2.84963e-06
-1.1158 -5.32176 -0.438674 -1.94744e-05 -9.28822e-05 -7.6563e-06
0.0376576 -5.41821 -0.418214 6.5725e-07 -9.45656e-05 -7.29921e-06
0.0981261 -5.30046 0.203913 1.71262e-06 -9.25104e-05 3.55895e-06
0.104164 -5.50548 -0.145978 1.81801e-06 -9.60888e-05 -2.54779e-06
0 0 0 0 0 0
-0.892819 -3.43303 0.0586194 -1.55826e-05 -5.99177e-05 1.0231e-06
-0.752108 -4.61791 0.548213 -1.31268e-05 -8.05977e-05 9.56813e-06
-0.503665 -5.48306 0.350754 -8.79062e-06 -9.56974e-05 6.12182e-06
-0.428339 -5.12327 0.426819 -7.47593e-06 -8.94179e-05 7.4494e-06
-0.0547021 -5.36997 0.125729 -9.54731e-07 -9.37236e-05 2.19438e-06
0.400596 -5.42785 -0.467661 6.99172e-06 -9.47339e-05 -8.16222e-06
0.0782678 -4.94296 -0.0245926 1.36603e-06 -8.62709e-05 -4.29221e-07
0.0659479 -5.04034 0.13984 1.15101e-06 -8.79705e-05 2.44067e-06
-0.202791 -4.97135 0.689208 -3.53937e-06 -8.67664e-05 1.2029e-05
-0.125078 -5.03892 0.200192 -2.18303e-06 -8.79457e-05 3.49401e-06
0.210717 -4.92534 0.0726661 3.6777e-06 -8.59633e-05 1.26826e-06
-0.134514 -5.03189 0.107488 -2.34771e-06 -8.78231e-05 1.87601e-06
-0.0474208 -5.37259 0.348842 -8.27648e-07 -9.37694e-05 6.08845e-06
0.111281 -5.37743 0.177267 1.94222e-06 -9.38538e-05 3.09389e-06
-0.130035 -5.44697 0.349543 -2.26954e-06 -9.50676e-05 6.10068e-06
-0.0459792 -5.33614 -0.110002 -8.02489e-07 -9.31332e-05 -1.9199e-06
-0.775315 -5.30638 -0.349214 -1.35318e-05 -9.26138e-05 -6.09493e-06
