0 0 0 0 0 0
-0.0684913 -11.5015 0.458637 -1.1954e-06 -0.00020074 8.00472e-06
0.258328 -11.0747 -0.272862 4.50867e-06 -0.000193291 -4.76235e-06
-0.374107 -10.8022 0.537578 -6.52939e-06 -0.000188535 9.3825e-06
-0.175764 -10.2248 0.585982 -3.06767e-06 -0.000178457 1.02273e-05
-0.0578454 -10.6634 0.668375 -1.00959e-06 -0.000186111 1.16653e-05
0.0347072 -11.1034 0.601082 6.05755e-07 -0.00019379 1.04909e-05
0 0 0 0 0 0
-0.0684913 -11.5015 0.458637 -1.1954e-06 -0.00020074 8.00472e-06
0.258328 -11.0747 -0.272862 4.50867e-06 -0.000193291 -4.76235e-06
-0.374107 -10.8022 0.537578 -6.52939e-06 -0.000188535 9.3825e-06
-0.175764 -10.2248 0.585982 -3.06767e-06 -0.000178457 1.02273e-05
-0.0578454 -10.6634 0.668375 -1.00959e-06 -0.000186111 1.16653e-05
0.0347072 -11.1034 0.601082 6.05755e-07 -0.00019379 1.04909e-05
